---thematic---
17978
11651
20387
16122
20347
21987
20240
17685
13030
19828
16665
10375
13519
13821
12768
---eabss---
2520
2626
2620
2944
2912
2346
2754
---diagrams---
798
919
924
991
1002
---profile---
11321
7666
10515
8550
6549
----scenario---
717
552
422
613
584
---sim script---
3685
---vis template---
539
---vis analysis---
2070
---ground truth---
222
------

16293
16617
617
618
639
926
585
643
=== real data ===
--- outline suggestion ---
335
--- theme ---
16293
9987
12891
14831
12421
--- eabss scope ---
1282
1511
1481
1401
1659
1902
--- 
16617
9963
12909
14831
12421
1338
1537
1369
1689
1347
1597
